0 3
0 9
0 204
0 222
1 4
1 10
1 201
1 219
2 5
2 11
2 198
2 216
3 0
3 12
3 221
4 1
4 13
4 218
5 2
5 14
5 215
6 15
6 220
7 16
7 217
8 17
8 214
9 0
9 12
9 18
9 205
10 1
10 13
10 19
10 202
11 2
11 14
11 20
11 199
12 3
12 9
12 15
12 21
13 4
13 10
13 16
13 22
14 5
14 11
14 17
14 23
15 6
15 12
15 24
15 231
16 7
16 13
16 25
16 241
17 8
17 14
17 26
17 251
18 9
18 21
18 206
19 10
19 22
19 203
20 11
20 23
20 200
21 12
21 18
21 24
22 13
22 19
22 25
23 14
23 20
23 26
24 15
24 21
24 57
24 232
25 16
25 22
25 58
25 242
26 17
26 23
26 59
26 252
27 30
27 57
27 180
27 234
28 31
28 58
28 177
28 244
29 32
29 59
29 174
29 254
30 27
31 28
32 29
36 39
36 45
36 136
36 239
37 40
37 46
37 135
37 249
38 41
38 47
38 134
38 259
39 36
39 42
39 139
40 37
40 43
40 138
41 38
41 44
41 137
42 39
42 142
42 159
43 40
43 141
43 157
44 41
44 140
44 155
45 36
45 48
45 54
45 238
46 37
46 49
46 55
46 248
47 38
47 50
47 56
47 258
48 45
48 51
49 46
49 52
50 47
50 53
51 48
51 158
52 49
52 156
53 50
53 154
54 45
55 46
56 47
57 24
57 27
57 187
57 233
58 25
58 28
58 188
58 243
59 26
59 29
59 189
59 253
60 70
60 71
60 186
60 263
60 407
60 408
60 409
60 434
61 64
61 437
62 63
62 161
63 62
63 64
64 61
64 63
64 67
64 268
65 66
65 145
65 160
66 65
66 67
66 144
67 64
67 66
67 143
67 269
68 436
69 70
69 435
70 60
70 69
70 185
70 264
70 433
70 434
70 435
70 441
71 60
71 72
71 74
71 262
71 408
72 71
72 73
72 75
73 72
73 76
73 207
74 71
74 75
74 77
74 261
75 72
75 74
75 76
75 78
76 73
76 75
76 79
76 208
77 74
77 225
78 75
78 79
78 224
79 76
79 78
79 209
79 223
80 81
80 83
80 113
80 115
81 80
81 84
81 112
82 85
82 111
83 80
83 84
83 86
83 116
84 81
84 83
84 85
84 87
85 82
85 84
85 88
85 108
86 83
86 87
86 117
87 84
87 86
87 88
88 85
88 87
88 99
88 107
88 403
89 90
89 99
89 105
89 121
89 453
89 454
89 455
89 461
90 89
90 455
91 456
92 93
92 95
92 100
92 132
93 92
93 94
93 131
94 93
94 128
94 130
95 92
95 96
95 98
95 101
96 95
96 97
97 96
97 127
98 95
98 457
99 88
99 89
99 106
99 120
99 402
99 403
99 404
99 454
100 92
100 101
100 133
101 95
101 100
103 458
104 459
105 89
105 460
105 461
106 99
106 402
106 461
107 88
107 108
108 85
108 107
108 109
109 108
109 110
110 109
110 111
111 82
111 110
111 112
112 81
112 111
112 113
113 80
113 112
113 114
114 113
114 115
115 80
115 114
115 116
116 83
116 115
116 117
117 86
117 116
118 119
118 379
118 390
119 118
119 120
119 366
119 379
119 404
120 99
120 119
120 379
120 403
121 89
121 335
121 454
122 334
122 455
123 333
123 456
124 125
124 336
124 457
125 124
125 126
125 336
125 349
125 450
126 125
126 336
126 527
127 97
128 94
128 129
129 128
129 130
130 94
130 129
130 131
131 93
131 130
131 132
132 92
132 131
132 133
133 100
133 132
134 38
134 137
134 149
135 37
135 138
135 148
136 36
136 139
136 147
137 41
137 134
137 140
138 40
138 135
138 141
139 39
139 136
139 142
140 44
140 137
140 153
141 43
141 138
141 152
142 42
142 139
142 151
143 67
143 144
143 146
144 66
144 143
144 145
145 65
145 144
145 150
146 143
146 269
147 136
147 239
148 135
148 249
149 134
149 259
150 145
150 160
151 142
151 159
152 141
152 157
153 140
153 155
154 53
155 44
155 153
156 52
157 43
157 152
158 51
159 42
159 151
160 65
160 150
161 62
162 169
162 337
162 530
163 168
163 529
164 167
164 528
164 529
165 166
165 528
166 165
166 173
166 336
166 348
167 164
167 172
167 347
167 348
168 163
168 171
168 337
168 347
169 162
169 170
169 337
169 340
169 438
170 169
170 337
170 437
171 168
171 448
172 167
172 448
172 449
173 166
173 449
174 29
174 442
175 444
176 446
177 28
177 442
177 443
178 444
178 445
179 446
179 447
180 27
180 443
181 445
182 447
183 330
183 436
184 331
184 435
185 70
185 332
185 434
186 60
186 193
186 378
186 408
187 57
187 192
187 406
188 58
188 191
188 405
188 406
189 59
189 190
189 405
190 189
190 197
190 367
190 379
191 188
191 196
191 367
191 368
192 187
192 195
192 368
192 378
193 186
193 194
193 375
193 378
193 407
194 193
194 378
194 387
195 192
195 388
196 191
196 388
196 389
197 190
197 389
198 2
198 199
198 213
199 11
199 198
199 200
200 20
200 199
201 1
201 202
201 212
202 10
202 201
202 203
203 19
203 202
204 0
204 205
204 211
205 9
205 204
205 206
206 18
206 205
207 73
207 208
208 76
208 207
208 209
209 79
209 208
209 210
210 209
210 223
211 204
211 222
212 201
212 219
213 198
213 216
214 8
214 215
214 229
215 5
215 214
215 216
216 2
216 213
216 215
217 7
217 218
217 228
218 4
218 217
218 219
219 1
219 212
219 218
220 6
220 221
220 227
221 3
221 220
221 222
222 0
222 211
222 221
223 79
223 210
223 224
224 78
224 223
224 225
225 77
225 224
225 226
226 225
226 260
227 220
227 230
228 217
228 240
229 214
229 250
230 227
230 231
231 15
231 230
231 232
232 24
232 231
233 57
234 27
238 45
238 239
239 36
239 147
239 238
240 228
240 241
241 16
241 240
241 242
242 25
242 241
243 58
244 28
248 46
248 249
249 37
249 148
249 248
250 229
250 251
251 17
251 250
251 252
252 26
252 251
253 59
254 29
258 47
258 259
259 38
259 149
259 258
260 226
260 261
261 74
261 260
261 262
262 71
262 261
263 60
263 409
263 433
264 70
264 432
264 433
265 431
266 430
268 64
268 269
269 67
269 146
269 268
270 273
270 279
270 468
270 486
271 274
271 280
271 465
271 483
272 275
272 281
272 462
272 480
273 270
273 276
273 282
273 485
274 271
274 277
274 283
274 482
275 272
275 278
275 284
275 479
276 273
276 285
276 484
276 523
277 274
277 286
277 481
277 513
278 275
278 287
278 478
278 503
279 270
279 282
279 288
279 469
280 271
280 283
280 289
280 466
281 272
281 284
281 290
281 463
282 273
282 279
282 285
282 291
283 274
283 280
283 286
283 292
284 275
284 281
284 287
284 293
285 276
285 282
285 294
285 522
286 277
286 283
286 295
286 512
287 278
287 284
287 296
287 502
288 279
288 291
288 470
289 280
289 292
289 467
290 281
290 293
290 464
291 282
291 288
291 294
292 283
292 289
292 295
293 284
293 290
293 296
294 285
294 291
294 333
294 521
295 286
295 292
295 334
295 511
296 287
296 293
296 335
296 501
297 333
297 446
297 519
298 334
298 444
298 509
299 335
299 442
299 499
300 330
300 447
300 518
301 331
301 445
301 508
302 332
302 443
302 498
303 306
303 312
303 514
303 538
304 307
304 313
304 504
304 541
305 308
305 314
305 494
305 544
306 303
306 309
306 315
306 539
307 304
307 310
307 316
307 542
308 305
308 311
308 317
308 545
309 306
309 318
309 416
309 540
310 307
310 319
310 415
310 543
311 308
311 320
311 414
311 546
312 303
312 315
312 321
312 515
313 304
313 316
313 322
313 505
314 305
314 317
314 323
314 495
315 306
315 312
315 318
315 324
316 307
316 313
316 319
316 325
317 308
317 314
317 320
317 326
318 309
318 315
318 327
318 419
319 310
319 316
319 328
319 418
320 311
320 317
320 329
320 417
321 312
321 324
321 330
321 516
322 313
322 325
322 331
322 506
323 314
323 326
323 332
323 496
324 315
324 321
324 327
325 316
325 322
325 328
326 317
326 323
326 329
327 318
327 324
327 422
328 319
328 325
328 421
329 320
329 326
329 420
330 183
330 300
330 321
330 439
330 517
331 184
331 301
331 322
331 440
331 507
332 185
332 302
332 323
332 441
332 497
333 123
333 294
333 297
333 451
333 520
334 122
334 295
334 298
334 452
334 510
335 121
335 296
335 299
335 453
335 500
336 124
336 125
336 126
336 166
336 348
336 349
336 450
336 527
337 162
337 168
337 169
337 170
337 340
337 347
337 438
337 530
338 339
338 341
338 425
339 338
339 340
339 342
340 169
340 337
340 339
340 343
340 531
341 338
341 342
341 344
341 424
342 339
342 341
342 343
342 345
343 340
343 342
343 346
343 532
344 341
344 345
344 423
344 549
345 342
345 344
345 346
345 548
346 343
346 345
346 533
346 547
347 167
347 168
347 337
347 448
347 529
348 166
348 167
348 336
348 449
348 528
349 125
349 336
349 350
349 352
349 526
350 349
350 351
350 353
351 350
351 354
351 471
352 349
352 353
352 355
352 525
353 350
353 352
353 354
353 356
354 351
354 353
354 357
354 472
355 352
355 356
355 489
355 524
356 353
356 355
356 357
356 488
357 354
357 356
357 473
357 487
358 359
358 361
358 397
358 399
359 358
359 360
359 362
359 396
360 359
360 363
360 393
360 395
361 358
361 362
361 364
361 400
362 359
362 361
362 363
362 365
363 360
363 362
363 366
363 392
364 361
364 365
364 401
365 362
365 364
365 366
366 119
366 363
366 365
366 379
366 391
367 190
367 191
367 379
367 389
367 405
368 191
368 192
368 378
368 388
368 406
369 370
369 372
369 382
369 384
370 369
370 371
370 373
370 381
371 370
371 374
371 380
371 412
372 369
372 373
372 375
372 385
373 370
373 372
373 374
373 376
374 371
374 373
374 377
374 411
375 193
375 372
375 376
375 378
375 386
376 373
376 375
376 377
377 374
377 376
377 410
378 186
378 192
378 193
378 194
378 368
378 375
378 387
378 407
379 118
379 119
379 120
379 190
379 366
379 367
379 390
379 404
380 371
380 381
380 413
381 370
381 380
381 382
382 369
382 381
382 383
383 382
383 384
384 369
384 383
384 385
385 372
385 384
385 386
386 375
386 385
387 194
387 378
388 195
388 196
388 368
389 196
389 197
389 367
390 118
390 379
391 366
391 392
392 363
392 391
392 393
393 360
393 392
393 394
394 393
394 395
395 360
395 394
395 396
396 359
396 395
396 397
397 358
397 396
397 398
398 397
398 399
399 358
399 398
399 400
400 361
400 399
400 401
401 364
401 400
402 99
402 106
402 403
403 88
403 99
403 120
403 402
403 404
404 99
404 119
404 379
404 403
405 188
405 189
405 367
406 187
406 188
406 368
407 60
407 193
407 378
407 408
408 60
408 71
408 186
408 407
408 409
409 60
409 263
409 408
410 377
410 411
411 374
411 410
411 412
412 371
412 411
412 413
413 380
413 412
414 311
414 417
414 429
415 310
415 418
415 428
416 309
416 419
416 427
417 320
417 414
417 420
418 319
418 415
418 421
419 318
419 416
419 422
420 329
420 417
421 328
421 418
422 327
422 419
423 344
423 424
423 426
424 341
424 423
424 425
425 338
425 424
426 423
426 549
427 416
427 540
428 415
428 543
429 414
429 546
430 266
430 437
431 265
431 436
432 264
432 435
433 70
433 263
433 264
433 434
434 60
434 70
434 185
434 433
434 441
435 69
435 70
435 184
435 432
435 440
436 68
436 183
436 431
436 439
437 61
437 170
437 430
437 438
438 169
438 337
438 437
439 330
439 436
440 331
440 435
441 70
441 332
441 434
442 174
442 177
442 299
443 177
443 180
443 302
444 175
444 178
444 298
445 178
445 181
445 301
446 176
446 179
446 297
447 179
447 182
447 300
448 171
448 172
448 347
449 172
449 173
449 348
450 125
450 336
450 457
451 333
451 456
452 334
452 455
453 89
453 335
453 454
454 89
454 99
454 121
454 453
454 461
455 89
455 90
455 122
455 452
455 460
456 91
456 123
456 451
456 459
457 98
457 124
457 450
457 458
458 103
458 457
459 104
459 456
460 105
460 455
461 89
461 105
461 106
461 454
462 272
462 463
462 477
463 281
463 462
463 464
464 290
464 463
465 271
465 466
465 476
466 280
466 465
466 467
467 289
467 466
468 270
468 469
468 475
469 279
469 468
469 470
470 288
470 469
471 351
471 472
472 354
472 471
472 473
473 357
473 472
473 474
474 473
474 487
475 468
475 486
476 465
476 483
477 462
477 480
478 278
478 479
478 493
479 275
479 478
479 480
480 272
480 477
480 479
481 277
481 482
481 492
482 274
482 481
482 483
483 271
483 476
483 482
484 276
484 485
484 491
485 273
485 484
485 486
486 270
486 475
486 485
487 357
487 474
487 488
488 356
488 487
488 489
489 355
489 488
489 490
490 489
490 524
491 484
491 523
492 481
492 513
493 478
493 503
494 305
494 495
494 537
495 314
495 494
495 496
496 323
496 495
497 332
498 302
499 299
500 335
501 296
501 502
502 287
502 501
502 503
503 278
503 493
503 502
504 304
504 505
504 536
505 313
505 504
505 506
506 322
506 505
507 331
508 301
509 298
510 334
511 295
511 512
512 286
512 511
512 513
513 277
513 492
513 512
514 303
514 515
514 535
515 312
515 514
515 516
516 321
516 515
517 330
518 300
519 297
520 333
521 294
521 522
522 285
522 521
522 523
523 276
523 491
523 522
524 355
524 490
524 525
525 352
525 524
525 526
526 349
526 525
527 126
527 336
528 164
528 165
528 348
529 163
529 164
529 347
530 162
530 337
531 340
531 532
532 343
532 531
532 533
533 346
533 532
533 534
534 533
534 547
535 514
535 538
536 504
536 541
537 494
537 544
538 303
538 535
538 539
539 306
539 538
539 540
540 309
540 427
540 539
541 304
541 536
541 542
542 307
542 541
542 543
543 310
543 428
543 542
544 305
544 537
544 545
545 308
545 544
545 546
546 311
546 429
546 545
547 346
547 534
547 548
548 345
548 547
548 549
549 344
549 426
549 548
