0 1
0 20
0 197
0 447
1 0
1 2
1 21
1 451
2 1
2 3
2 22
2 455
3 2
3 4
3 23
3 459
4 3
4 24
4 198
4 463
5 6
5 10
5 25
5 196
5 448
6 5
6 7
6 11
6 26
6 452
7 6
7 8
7 12
7 27
7 456
8 7
8 9
8 13
8 28
8 460
9 8
9 14
9 29
9 199
9 464
10 5
10 11
10 15
10 30
10 195
10 449
11 6
11 10
11 12
11 16
11 31
11 453
12 7
12 11
12 13
12 17
12 32
12 457
13 8
13 12
13 14
13 18
13 33
13 461
14 9
14 13
14 19
14 34
14 200
14 465
15 10
15 16
15 35
15 194
15 423
15 450
16 11
16 15
16 17
16 36
16 426
16 454
17 12
17 16
17 18
17 37
17 429
17 458
18 13
18 17
18 19
18 38
18 432
18 462
19 14
19 18
19 39
19 201
19 435
19 466
20 0
20 21
20 25
20 40
20 193
20 538
21 1
21 20
21 22
21 26
21 41
21 523
22 2
22 21
22 23
22 27
22 42
22 508
23 3
23 22
23 24
23 28
23 43
23 493
24 4
24 23
24 29
24 44
24 202
24 478
25 5
25 20
25 26
25 30
25 45
25 192
26 6
26 21
26 25
26 27
26 31
26 46
27 7
27 22
27 26
27 28
27 32
27 47
28 8
28 23
28 27
28 29
28 33
28 48
29 9
29 24
29 28
29 34
29 49
29 203
30 10
30 25
30 31
30 35
30 50
30 191
31 11
31 26
31 30
31 32
31 36
31 51
32 12
32 27
32 31
32 33
32 37
32 52
33 13
33 28
33 32
33 34
33 38
33 53
34 14
34 29
34 33
34 39
34 54
34 204
35 15
35 30
35 36
35 55
35 190
35 424
36 16
36 31
36 35
36 37
36 56
36 427
37 17
37 32
37 36
37 38
37 57
37 430
38 18
38 33
38 37
38 39
38 58
38 433
39 19
39 34
39 38
39 59
39 205
39 436
40 20
40 41
40 45
40 155
40 189
40 539
41 21
41 40
41 42
41 46
41 156
41 524
42 22
42 41
42 43
42 47
42 157
42 509
43 23
43 42
43 44
43 48
43 158
43 494
44 24
44 43
44 49
44 159
44 206
44 479
45 25
45 40
45 46
45 50
45 188
45 400
46 26
46 41
46 45
46 47
46 51
46 401
47 27
47 42
47 46
47 48
47 52
47 402
48 28
48 43
48 47
48 49
48 53
48 403
49 29
49 44
49 48
49 54
49 207
49 404
50 30
50 45
50 51
50 55
50 187
50 406
51 31
51 46
51 50
51 52
51 56
51 408
52 32
52 47
52 51
52 53
52 57
52 410
53 33
53 48
53 52
53 54
53 58
53 412
54 34
54 49
54 53
54 59
54 208
54 414
55 35
55 50
55 56
55 186
55 405
55 425
56 36
56 51
56 55
56 57
56 407
56 428
57 37
57 52
57 56
57 58
57 409
57 431
58 38
58 53
58 57
58 59
58 411
58 434
59 39
59 54
59 58
59 209
59 413
59 437
60 61
60 65
60 155
60 185
60 357
60 541
61 60
61 62
61 66
61 156
61 364
61 526
62 61
62 63
62 67
62 157
62 371
62 511
63 62
63 64
63 68
63 158
63 378
63 496
64 63
64 69
64 159
64 210
64 385
64 481
65 60
65 66
65 70
65 184
65 358
65 542
66 61
66 65
66 67
66 71
66 365
66 527
67 62
67 66
67 68
67 72
67 372
67 512
68 63
68 67
68 69
68 73
68 379
68 497
69 64
69 68
69 74
69 211
69 386
69 482
70 65
70 71
70 75
70 183
70 359
70 543
71 66
71 70
71 72
71 76
71 366
71 528
72 67
72 71
72 73
72 77
72 373
72 513
73 68
73 72
73 74
73 78
73 380
73 498
74 69
74 73
74 79
74 212
74 387
74 483
75 70
75 76
75 80
75 182
75 360
75 544
76 71
76 75
76 77
76 81
76 367
76 529
77 72
77 76
77 78
77 82
77 374
77 514
78 73
78 77
78 79
78 83
78 381
78 499
79 74
79 78
79 84
79 213
79 388
79 484
80 75
80 81
80 85
80 181
80 361
80 545
81 76
81 80
81 82
81 86
81 368
81 530
82 77
82 81
82 83
82 87
82 375
82 515
83 78
83 82
83 84
83 88
83 382
83 500
84 79
84 83
84 89
84 214
84 389
84 485
85 80
85 86
85 90
85 180
85 362
85 546
86 81
86 85
86 87
86 91
86 369
86 531
87 82
87 86
87 88
87 92
87 376
87 516
88 83
88 87
88 89
88 93
88 383
88 501
89 84
89 88
89 94
89 215
89 390
89 486
90 85
90 91
90 160
90 179
90 363
90 547
91 86
91 90
91 92
91 161
91 370
91 532
92 87
92 91
92 93
92 162
92 377
92 517
93 88
93 92
93 94
93 163
93 384
93 502
94 89
94 93
94 164
94 216
94 391
94 487
95 96
95 100
95 115
95 178
95 283
95 317
96 95
96 97
96 101
96 116
96 282
96 320
97 96
97 98
97 102
97 117
97 281
97 323
98 97
98 99
98 103
98 118
98 280
98 326
99 98
99 104
99 119
99 217
99 279
99 329
100 95
100 101
100 105
100 120
100 177
100 288
101 96
101 100
101 102
101 106
101 121
101 287
102 97
102 101
102 103
102 107
102 122
102 286
103 98
103 102
103 104
103 108
103 123
103 285
104 99
104 103
104 109
104 124
104 218
104 284
105 100
105 106
105 110
105 125
105 176
105 293
106 101
106 105
106 107
106 111
106 126
106 292
107 102
107 106
107 108
107 112
107 127
107 291
108 103
108 107
108 109
108 113
108 128
108 290
109 104
109 108
109 114
109 129
109 219
109 289
110 105
110 111
110 130
110 175
110 298
110 551
111 106
111 110
111 112
111 131
111 297
111 536
112 107
112 111
112 113
112 132
112 296
112 521
113 108
113 112
113 114
113 133
113 295
113 506
114 109
114 113
114 134
114 220
114 294
114 491
115 95
115 116
115 120
115 135
115 174
115 316
116 96
116 115
116 117
116 121
116 136
116 319
117 97
117 116
117 118
117 122
117 137
117 322
118 98
118 117
118 119
118 123
118 138
118 325
119 99
119 118
119 124
119 139
119 221
119 328
120 100
120 115
120 121
120 125
120 140
120 173
121 101
121 116
121 120
121 122
121 126
121 141
122 102
122 117
122 121
122 123
122 127
122 142
123 103
123 118
123 122
123 124
123 128
123 143
124 104
124 119
124 123
124 129
124 144
124 222
125 105
125 120
125 126
125 130
125 145
125 172
126 106
126 121
126 125
126 127
126 131
126 146
127 107
127 122
127 126
127 128
127 132
127 147
128 108
128 123
128 127
128 129
128 133
128 148
129 109
129 124
129 128
129 134
129 149
129 223
130 110
130 125
130 131
130 150
130 171
130 550
131 111
131 126
131 130
131 132
131 151
131 535
132 112
132 127
132 131
132 133
132 152
132 520
133 113
133 128
133 132
133 134
133 153
133 505
134 114
134 129
134 133
134 154
134 224
134 490
135 115
135 136
135 140
135 170
135 315
135 340
136 116
136 135
136 137
136 141
136 318
136 342
137 117
137 136
137 138
137 142
137 321
137 344
138 118
138 137
138 139
138 143
138 324
138 346
139 119
139 138
139 144
139 225
139 327
139 348
140 120
140 135
140 141
140 145
140 169
140 339
141 121
141 136
141 140
141 142
141 146
141 341
142 122
142 137
142 141
142 143
142 147
142 343
143 123
143 138
143 142
143 144
143 148
143 345
144 124
144 139
144 143
144 149
144 226
144 347
145 125
145 140
145 146
145 150
145 168
145 352
146 126
146 141
146 145
146 147
146 151
146 353
147 127
147 142
147 146
147 148
147 152
147 354
148 128
148 143
148 147
148 149
148 153
148 355
149 129
149 144
149 148
149 154
149 227
149 356
150 130
150 145
150 151
150 160
150 167
150 549
151 131
151 146
151 150
151 152
151 161
151 534
152 132
152 147
152 151
152 153
152 162
152 519
153 133
153 148
153 152
153 154
153 163
153 504
154 134
154 149
154 153
154 164
154 228
154 489
155 40
155 60
155 156
155 166
155 400
155 540
156 41
156 61
156 155
156 157
156 401
156 525
157 42
157 62
157 156
157 158
157 402
157 510
158 43
158 63
158 157
158 159
158 403
158 495
159 44
159 64
159 158
159 229
159 404
159 480
160 90
160 150
160 161
160 165
160 352
160 548
161 91
161 151
161 160
161 162
161 353
161 533
162 92
162 152
162 161
162 163
162 354
162 518
163 93
163 153
163 162
163 164
163 355
163 503
164 94
164 154
164 163
164 230
164 356
164 488
165 160
165 167
165 179
165 351
165 563
166 155
166 185
166 189
166 399
166 555
167 150
167 165
167 168
167 171
167 564
168 145
168 167
168 169
168 172
168 351
169 140
169 168
169 170
169 173
169 350
170 135
170 169
170 174
170 332
170 349
171 130
171 167
171 172
171 175
171 565
172 125
172 168
172 171
172 173
172 176
173 120
173 169
173 172
173 174
173 177
174 115
174 170
174 173
174 178
174 331
175 110
175 171
175 176
175 299
175 566
176 105
176 172
176 175
176 177
176 300
177 100
177 173
177 176
177 178
177 301
178 95
178 174
178 177
178 302
178 330
179 90
179 165
179 180
179 392
179 562
180 85
180 179
180 181
180 393
180 561
181 80
181 180
181 182
181 394
181 560
182 75
182 181
182 183
182 395
182 559
183 70
183 182
183 184
183 396
183 558
184 65
184 183
184 185
184 397
184 557
185 60
185 166
185 184
185 398
185 556
186 55
186 187
186 190
186 416
186 438
187 50
187 186
187 188
187 191
187 415
188 45
188 187
188 189
188 192
188 399
189 40
189 166
189 188
189 193
189 554
190 35
190 186
190 191
190 194
190 439
191 30
191 187
191 190
191 192
191 195
192 25
192 188
192 191
192 193
192 196
193 20
193 189
193 192
193 197
193 553
194 15
194 190
194 195
194 440
194 467
195 10
195 191
195 194
195 196
195 468
196 5
196 192
196 195
196 469
197 0
197 193
197 470
198 4
198 202
198 247
199 9
199 200
199 203
199 248
200 14
200 199
200 201
200 204
200 249
201 19
201 200
201 205
201 250
201 252
202 24
202 198
202 203
202 206
202 244
203 29
203 199
203 202
203 204
203 207
204 34
204 200
204 203
204 205
204 208
205 39
205 201
205 204
205 209
205 253
206 44
206 202
206 207
206 229
206 243
207 49
207 203
207 206
207 208
207 258
208 54
208 204
208 207
208 209
208 257
209 59
209 205
209 208
209 254
209 256
210 64
210 211
210 229
210 241
210 259
211 69
211 210
211 212
211 240
211 260
212 74
212 211
212 213
212 239
212 261
213 79
213 212
213 214
213 238
213 262
214 84
214 213
214 215
214 237
214 263
215 89
215 214
215 216
215 236
215 264
216 94
216 215
216 230
216 235
216 265
217 99
217 218
217 221
217 272
217 274
218 104
218 217
218 219
218 222
218 275
219 109
219 218
219 220
219 223
219 276
220 114
220 219
220 224
220 231
220 277
221 119
221 217
221 222
221 225
221 271
222 124
222 218
222 221
222 223
222 226
223 129
223 219
223 222
223 224
223 227
224 134
224 220
224 223
224 228
224 232
225 139
225 221
225 226
225 268
225 270
226 144
226 222
226 225
226 227
226 267
227 149
227 223
227 226
227 228
227 266
228 154
228 224
228 227
228 230
228 233
229 159
229 206
229 210
229 242
229 258
230 164
230 216
230 228
230 234
230 266
231 220
231 232
231 278
231 491
232 224
232 231
232 490
233 228
233 489
234 230
234 235
234 488
235 216
235 234
235 236
235 487
236 215
236 235
236 237
236 486
237 214
237 236
237 238
237 485
238 213
238 237
238 239
238 484
239 212
239 238
239 240
239 483
240 211
240 239
240 241
240 482
241 210
241 240
241 242
241 481
242 229
242 241
242 480
243 206
243 479
244 202
244 245
244 478
245 244
245 246
245 477
246 245
246 247
246 476
247 198
247 246
247 248
247 463
248 199
248 247
248 249
248 464
249 200
249 248
249 250
249 465
250 201
250 249
250 251
250 466
251 250
251 252
251 446
252 201
252 251
252 253
252 435
253 205
253 252
253 254
253 436
254 209
254 253
254 255
254 437
255 254
255 256
255 422
256 209
256 255
256 257
256 413
257 208
257 256
257 258
257 414
258 207
258 229
258 257
258 404
259 210
259 260
259 385
260 211
260 259
260 261
260 386
261 212
261 260
261 262
261 387
262 213
262 261
262 263
262 388
263 214
263 262
263 264
263 389
264 215
264 263
264 265
264 390
265 216
265 264
265 391
266 227
266 230
266 267
266 356
267 226
267 266
267 268
267 347
268 225
268 267
268 269
268 348
269 268
269 270
269 338
270 225
270 269
270 271
270 327
271 221
271 270
271 272
271 328
272 217
272 271
272 273
272 329
273 272
273 274
273 314
274 217
274 273
274 275
274 279
275 218
275 274
275 276
275 284
276 219
276 275
276 277
276 289
277 220
277 276
277 278
277 294
278 231
278 277
278 308
279 99
279 274
279 280
279 284
279 314
280 98
280 279
280 281
280 285
280 313
281 97
281 280
281 282
281 286
281 312
282 96
282 281
282 283
282 287
282 311
283 95
283 282
283 288
283 302
283 310
284 104
284 275
284 279
284 285
284 289
285 103
285 280
285 284
285 286
285 290
286 102
286 281
286 285
286 287
286 291
287 101
287 282
287 286
287 288
287 292
288 100
288 283
288 287
288 293
288 301
289 109
289 276
289 284
289 290
289 294
290 108
290 285
290 289
290 291
290 295
291 107
291 286
291 290
291 292
291 296
292 106
292 287
292 291
292 293
292 297
293 105
293 288
293 292
293 298
293 300
294 114
294 277
294 289
294 295
294 308
295 113
295 290
295 294
295 296
295 307
296 112
296 291
296 295
296 297
296 306
297 111
297 292
297 296
297 298
297 305
298 110
298 293
298 297
298 299
298 304
299 175
299 298
299 300
299 303
300 176
300 293
300 299
300 301
301 177
301 288
301 300
301 302
302 178
302 283
302 301
302 309
303 299
303 304
303 566
304 298
304 303
304 305
304 551
305 297
305 304
305 306
305 536
306 296
306 305
306 307
306 521
307 295
307 306
307 308
307 506
308 278
308 294
308 307
308 491
309 302
309 310
309 330
310 283
310 309
310 311
310 317
311 282
311 310
311 312
311 320
312 281
312 311
312 313
312 323
313 280
313 312
313 314
313 326
314 273
314 279
314 313
314 329
315 135
315 316
315 318
315 332
315 334
316 115
316 315
316 317
316 319
316 331
317 95
317 310
317 316
317 320
317 330
318 136
318 315
318 319
318 321
318 335
319 116
319 316
319 318
319 320
319 322
320 96
320 311
320 317
320 319
320 323
321 137
321 318
321 322
321 324
321 336
322 117
322 319
322 321
322 323
322 325
323 97
323 312
323 320
323 322
323 326
324 138
324 321
324 325
324 327
324 337
325 118
325 322
325 324
325 326
325 328
326 98
326 313
326 323
326 325
326 329
327 139
327 270
327 324
327 328
327 338
328 119
328 271
328 325
328 327
328 329
329 99
329 272
329 314
329 326
329 328
330 178
330 309
330 317
330 331
331 174
331 316
331 330
331 332
332 170
332 315
332 331
332 333
333 332
333 334
333 349
334 315
334 333
334 335
334 340
335 318
335 334
335 336
335 342
336 321
336 335
336 337
336 344
337 324
337 336
337 338
337 346
338 269
338 327
338 337
338 348
339 140
339 340
339 341
339 350
339 352
340 135
340 334
340 339
340 342
340 349
341 141
341 339
341 342
341 343
341 353
342 136
342 335
342 340
342 341
342 344
343 142
343 341
343 344
343 345
343 354
344 137
344 336
344 342
344 343
344 346
345 143
345 343
345 346
345 347
345 355
346 138
346 337
346 344
346 345
346 348
347 144
347 267
347 345
347 348
347 356
348 139
348 268
348 338
348 346
348 347
349 170
349 333
349 340
349 350
350 169
350 339
350 349
350 351
351 165
351 168
351 350
351 352
352 145
352 160
352 339
352 351
352 353
353 146
353 161
353 341
353 352
353 354
354 147
354 162
354 343
354 353
354 355
355 148
355 163
355 345
355 354
355 356
356 149
356 164
356 266
356 347
356 355
357 60
357 358
357 364
357 398
358 65
358 357
358 359
358 365
358 397
359 70
359 358
359 360
359 366
359 396
360 75
360 359
360 361
360 367
360 395
361 80
361 360
361 362
361 368
361 394
362 85
362 361
362 363
362 369
362 393
363 90
363 362
363 370
363 392
364 61
364 357
364 365
364 371
365 66
365 358
365 364
365 366
365 372
366 71
366 359
366 365
366 367
366 373
367 76
367 360
367 366
367 368
367 374
368 81
368 361
368 367
368 369
368 375
369 86
369 362
369 368
369 370
369 376
370 91
370 363
370 369
370 377
371 62
371 364
371 372
371 378
372 67
372 365
372 371
372 373
372 379
373 72
373 366
373 372
373 374
373 380
374 77
374 367
374 373
374 375
374 381
375 82
375 368
375 374
375 376
375 382
376 87
376 369
376 375
376 377
376 383
377 92
377 370
377 376
377 384
378 63
378 371
378 379
378 385
379 68
379 372
379 378
379 380
379 386
380 73
380 373
380 379
380 381
380 387
381 78
381 374
381 380
381 382
381 388
382 83
382 375
382 381
382 383
382 389
383 88
383 376
383 382
383 384
383 390
384 93
384 377
384 383
384 391
385 64
385 259
385 378
385 386
386 69
386 260
386 379
386 385
386 387
387 74
387 261
387 380
387 386
387 388
388 79
388 262
388 381
388 387
388 389
389 84
389 263
389 382
389 388
389 390
390 89
390 264
390 383
390 389
390 391
391 94
391 265
391 384
391 390
392 179
392 363
392 393
393 180
393 362
393 392
393 394
394 181
394 361
394 393
394 395
395 182
395 360
395 394
395 396
396 183
396 359
396 395
396 397
397 184
397 358
397 396
397 398
398 185
398 357
398 397
399 166
399 188
399 400
399 415
400 45
400 155
400 399
400 401
400 406
401 46
401 156
401 400
401 402
401 408
402 47
402 157
402 401
402 403
402 410
403 48
403 158
403 402
403 404
403 412
404 49
404 159
404 258
404 403
404 414
405 55
405 406
405 407
405 416
405 418
406 50
406 400
406 405
406 408
406 415
407 56
407 405
407 408
407 409
407 419
408 51
408 401
408 406
408 407
408 410
409 57
409 407
409 410
409 411
409 420
410 52
410 402
410 408
410 409
410 412
411 58
411 409
411 412
411 413
411 421
412 53
412 403
412 410
412 411
412 414
413 59
413 256
413 411
413 414
413 422
414 54
414 257
414 404
414 412
414 413
415 187
415 399
415 406
415 416
416 186
416 405
416 415
416 417
417 416
417 418
417 438
418 405
418 417
418 419
418 425
419 407
419 418
419 420
419 428
420 409
420 419
420 421
420 431
421 411
421 420
421 422
421 434
422 255
422 413
422 421
422 437
423 15
423 424
423 426
423 440
423 442
424 35
424 423
424 425
424 427
424 439
425 55
425 418
425 424
425 428
425 438
426 16
426 423
426 427
426 429
426 443
427 36
427 424
427 426
427 428
427 430
428 56
428 419
428 425
428 427
428 431
429 17
429 426
429 430
429 432
429 444
430 37
430 427
430 429
430 431
430 433
431 57
431 420
431 428
431 430
431 434
432 18
432 429
432 433
432 435
432 445
433 38
433 430
433 432
433 434
433 436
434 58
434 421
434 431
434 433
434 437
435 19
435 252
435 432
435 436
435 446
436 39
436 253
436 433
436 435
436 437
437 59
437 254
437 422
437 434
437 436
438 186
438 417
438 425
438 439
439 190
439 424
439 438
439 440
440 194
440 423
440 439
440 441
441 440
441 442
441 467
442 423
442 441
442 443
442 450
443 426
443 442
443 444
443 454
444 429
444 443
444 445
444 458
445 432
445 444
445 446
445 462
446 251
446 435
446 445
446 466
447 0
447 448
447 451
447 470
447 472
448 5
448 447
448 449
448 452
448 469
449 10
449 448
449 450
449 453
449 468
450 15
450 442
450 449
450 454
450 467
451 1
451 447
451 452
451 455
451 473
452 6
452 448
452 451
452 453
452 456
453 11
453 449
453 452
453 454
453 457
454 16
454 443
454 450
454 453
454 458
455 2
455 451
455 456
455 459
455 474
456 7
456 452
456 455
456 457
456 460
457 12
457 453
457 456
457 458
457 461
458 17
458 444
458 454
458 457
458 462
459 3
459 455
459 460
459 463
459 475
460 8
460 456
460 459
460 461
460 464
461 13
461 457
461 460
461 462
461 465
462 18
462 445
462 458
462 461
462 466
463 4
463 247
463 459
463 464
463 476
464 9
464 248
464 460
464 463
464 465
465 14
465 249
465 461
465 464
465 466
466 19
466 250
466 446
466 462
466 465
467 194
467 441
467 450
467 468
468 195
468 449
468 467
468 469
469 196
469 448
469 468
469 470
470 197
470 447
470 469
470 471
471 470
471 472
471 552
472 447
472 471
472 473
472 537
473 451
473 472
473 474
473 522
474 455
474 473
474 475
474 507
475 459
475 474
475 476
475 492
476 246
476 463
476 475
476 477
477 245
477 476
477 478
477 492
478 24
478 244
478 477
478 493
479 44
479 243
479 494
480 159
480 242
480 481
480 495
481 64
481 241
481 480
481 482
481 496
482 69
482 240
482 481
482 483
482 497
483 74
483 239
483 482
483 484
483 498
484 79
484 238
484 483
484 485
484 499
485 84
485 237
485 484
485 486
485 500
486 89
486 236
486 485
486 487
486 501
487 94
487 235
487 486
487 488
487 502
488 164
488 234
488 487
488 503
489 154
489 233
489 504
490 134
490 232
490 491
490 505
491 114
491 231
491 308
491 490
491 506
492 475
492 477
492 493
492 507
493 23
493 478
493 492
493 508
494 43
494 479
494 509
495 158
495 480
495 496
495 510
496 63
496 481
496 495
496 497
496 511
497 68
497 482
497 496
497 498
497 512
498 73
498 483
498 497
498 499
498 513
499 78
499 484
499 498
499 500
499 514
500 83
500 485
500 499
500 501
500 515
501 88
501 486
501 500
501 502
501 516
502 93
502 487
502 501
502 503
502 517
503 163
503 488
503 502
503 518
504 153
504 489
504 519
505 133
505 490
505 506
505 520
506 113
506 307
506 491
506 505
506 521
507 474
507 492
507 508
507 522
508 22
508 493
508 507
508 523
509 42
509 494
509 524
510 157
510 495
510 511
510 525
511 62
511 496
511 510
511 512
511 526
512 67
512 497
512 511
512 513
512 527
513 72
513 498
513 512
513 514
513 528
514 77
514 499
514 513
514 515
514 529
515 82
515 500
515 514
515 516
515 530
516 87
516 501
516 515
516 517
516 531
517 92
517 502
517 516
517 518
517 532
518 162
518 503
518 517
518 533
519 152
519 504
519 534
520 132
520 505
520 521
520 535
521 112
521 306
521 506
521 520
521 536
522 473
522 507
522 523
522 537
523 21
523 508
523 522
523 538
524 41
524 509
524 539
525 156
525 510
525 526
525 540
526 61
526 511
526 525
526 527
526 541
527 66
527 512
527 526
527 528
527 542
528 71
528 513
528 527
528 529
528 543
529 76
529 514
529 528
529 530
529 544
530 81
530 515
530 529
530 531
530 545
531 86
531 516
531 530
531 532
531 546
532 91
532 517
532 531
532 533
532 547
533 161
533 518
533 532
533 548
534 151
534 519
534 549
535 131
535 520
535 536
535 550
536 111
536 305
536 521
536 535
536 551
537 472
537 522
537 538
537 552
538 20
538 523
538 537
538 553
539 40
539 524
539 554
540 155
540 525
540 541
540 555
541 60
541 526
541 540
541 542
541 556
542 65
542 527
542 541
542 543
542 557
543 70
543 528
543 542
543 544
543 558
544 75
544 529
544 543
544 545
544 559
545 80
545 530
545 544
545 546
545 560
546 85
546 531
546 545
546 547
546 561
547 90
547 532
547 546
547 548
547 562
548 160
548 533
548 547
548 563
549 150
549 534
549 564
550 130
550 535
550 551
550 565
551 110
551 304
551 536
551 550
551 566
552 471
552 537
552 553
553 193
553 538
553 552
554 189
554 539
555 166
555 540
555 556
556 185
556 541
556 555
556 557
557 184
557 542
557 556
557 558
558 183
558 543
558 557
558 559
559 182
559 544
559 558
559 560
560 181
560 545
560 559
560 561
561 180
561 546
561 560
561 562
562 179
562 547
562 561
562 563
563 165
563 548
563 562
564 167
564 549
565 171
565 550
565 566
566 175
566 303
566 551
566 565
