0 1
0 3
0 53
0 54
0 131
0 147
1 0
1 2
1 4
1 52
1 55
1 132
2 1
2 5
2 51
2 56
2 109
2 133
3 0
3 4
3 6
3 50
3 57
3 146
4 1
4 3
4 5
4 7
4 49
4 58
5 2
5 4
5 8
5 48
5 59
5 110
6 3
6 7
6 9
6 47
6 60
6 145
7 4
7 6
7 8
7 10
7 46
7 61
8 5
8 7
8 11
8 45
8 62
8 111
9 6
9 10
9 12
9 44
9 63
9 144
10 7
10 9
10 11
10 13
10 43
10 64
11 8
11 10
11 14
11 42
11 65
11 112
12 9
12 13
12 15
12 41
12 66
12 143
13 10
13 12
13 14
13 16
13 40
13 67
14 11
14 13
14 17
14 39
14 68
14 113
15 12
15 16
15 18
15 38
15 69
15 142
16 13
16 15
16 17
16 19
16 37
16 70
17 14
17 16
17 20
17 36
17 71
17 114
18 15
18 19
18 21
18 35
18 72
18 141
19 16
19 18
19 20
19 22
19 34
19 73
20 17
20 19
20 23
20 33
20 74
20 115
21 18
21 22
21 24
21 32
21 75
21 140
22 19
22 21
22 23
22 25
22 31
22 76
23 20
23 22
23 26
23 30
23 77
23 116
24 21
24 25
24 29
24 78
24 139
24 159
25 22
25 24
25 26
25 28
25 79
25 160
26 23
26 25
26 27
26 80
26 117
26 161
27 26
27 28
27 30
27 118
27 164
28 25
28 27
28 29
28 31
28 163
29 24
29 28
29 32
29 156
29 162
30 23
30 27
30 31
30 33
30 119
31 22
31 28
31 30
31 32
31 34
32 21
32 29
32 31
32 35
32 155
33 20
33 30
33 34
33 36
33 120
34 19
34 31
34 33
34 35
34 37
35 18
35 32
35 34
35 38
35 154
36 17
36 33
36 37
36 39
36 121
37 16
37 34
37 36
37 38
37 40
38 15
38 35
38 37
38 41
38 153
39 14
39 36
39 40
39 42
39 122
40 13
40 37
40 39
40 41
40 43
41 12
41 38
41 40
41 44
41 152
42 11
42 39
42 43
42 45
42 123
43 10
43 40
43 42
43 44
43 46
44 9
44 41
44 43
44 47
44 151
45 8
45 42
45 46
45 48
45 124
46 7
46 43
46 45
46 47
46 49
47 6
47 44
47 46
47 50
47 150
48 5
48 45
48 49
48 51
48 125
49 4
49 46
49 48
49 50
49 52
50 3
50 47
50 49
50 53
50 149
51 2
51 48
51 52
51 126
51 134
52 1
52 49
52 51
52 53
52 135
53 0
53 50
53 52
53 136
53 148
54 0
54 55
54 57
54 93
54 95
55 1
55 54
55 56
55 58
55 96
56 2
56 55
56 59
56 97
56 99
57 3
57 54
57 58
57 60
57 92
58 4
58 55
58 57
58 59
58 61
59 5
59 56
59 58
59 62
59 100
60 6
60 57
60 61
60 63
60 91
61 7
61 58
61 60
61 62
61 64
62 8
62 59
62 61
62 65
62 101
63 9
63 60
63 64
63 66
63 90
64 10
64 61
64 63
64 65
64 67
65 11
65 62
65 64
65 68
65 102
66 12
66 63
66 67
66 69
66 89
67 13
67 64
67 66
67 68
67 70
68 14
68 65
68 67
68 71
68 103
69 15
69 66
69 70
69 72
69 88
70 16
70 67
70 69
70 71
70 73
71 17
71 68
71 70
71 74
71 104
72 18
72 69
72 73
72 75
72 87
73 19
73 70
73 72
73 74
73 76
74 20
74 71
74 73
74 77
74 105
75 21
75 72
75 76
75 78
75 86
76 22
76 73
76 75
76 77
76 79
77 23
77 74
77 76
77 80
77 106
78 24
78 75
78 79
78 83
78 85
79 25
79 76
79 78
79 80
79 82
80 26
80 77
80 79
80 81
80 107
81 80
81 82
81 108
81 161
82 79
82 81
82 83
82 160
83 78
83 82
83 84
83 159
84 83
84 85
84 158
85 78
85 84
85 86
85 139
86 75
86 85
86 87
86 140
87 72
87 86
87 88
87 141
88 69
88 87
88 89
88 142
89 66
89 88
89 90
89 143
90 63
90 89
90 91
90 144
91 60
91 90
91 92
91 145
92 57
92 91
92 93
92 146
93 54
93 92
93 94
93 147
94 93
94 95
94 138
95 54
95 94
95 96
95 131
96 55
96 95
96 97
96 132
97 56
97 96
97 98
97 133
98 97
98 99
98 130
99 56
99 98
99 100
99 109
100 59
100 99
100 101
100 110
101 62
101 100
101 102
101 111
102 65
102 101
102 103
102 112
103 68
103 102
103 104
103 113
104 71
104 103
104 105
104 114
105 74
105 104
105 106
105 115
106 77
106 105
106 107
106 116
107 80
107 106
107 108
107 117
108 81
108 107
108 128
109 2
109 99
109 110
109 126
109 130
110 5
110 100
110 109
110 111
110 125
111 8
111 101
111 110
111 112
111 124
112 11
112 102
112 111
112 113
112 123
113 14
113 103
113 112
113 114
113 122
114 17
114 104
114 113
114 115
114 121
115 20
115 105
115 114
115 116
115 120
116 23
116 106
116 115
116 117
116 119
117 26
117 107
117 116
117 118
117 128
118 27
118 117
118 119
118 127
119 30
119 116
119 118
119 120
120 33
120 115
120 119
120 121
121 36
121 114
121 120
121 122
122 39
122 113
122 121
122 123
123 42
123 112
123 122
123 124
124 45
124 111
124 123
124 125
125 48
125 110
125 124
125 126
126 51
126 109
126 125
126 129
127 118
127 128
127 164
128 108
128 117
128 127
128 161
129 126
129 130
129 134
130 98
130 109
130 129
130 133
131 0
131 95
131 132
131 136
131 138
132 1
132 96
132 131
132 133
132 135
133 2
133 97
133 130
133 132
133 134
134 51
134 129
134 133
134 135
135 52
135 132
135 134
135 136
136 53
136 131
136 135
136 137
137 136
137 138
137 148
138 94
138 131
138 137
138 147
139 24
139 85
139 140
139 156
139 158
140 21
140 86
140 139
140 141
140 155
141 18
141 87
141 140
141 142
141 154
142 15
142 88
142 141
142 143
142 153
143 12
143 89
143 142
143 144
143 152
144 9
144 90
144 143
144 145
144 151
145 6
145 91
145 144
145 146
145 150
146 3
146 92
146 145
146 147
146 149
147 0
147 93
147 138
147 146
147 148
148 53
148 137
148 147
148 149
149 50
149 146
149 148
149 150
150 47
150 145
150 149
150 151
151 44
151 144
151 150
151 152
152 41
152 143
152 151
152 153
153 38
153 142
153 152
153 154
154 35
154 141
154 153
154 155
155 32
155 140
155 154
155 156
156 29
156 139
156 155
156 157
157 156
157 158
157 162
158 84
158 139
158 157
158 159
159 24
159 83
159 158
159 160
159 162
160 25
160 82
160 159
160 161
160 163
161 26
161 81
161 128
161 160
161 164
162 29
162 157
162 159
162 163
163 28
163 160
163 162
163 164
164 27
164 127
164 161
164 163
