0 1
0 3
0 9
0 283
0 475
0 507
1 0
1 2
1 4
1 10
1 478
1 524
2 1
2 5
2 11
2 284
2 481
2 541
3 0
3 4
3 6
3 12
3 282
3 476
4 1
4 3
4 5
4 7
4 13
4 479
5 2
5 4
5 8
5 14
5 285
5 482
6 3
6 7
6 15
6 281
6 463
6 477
7 4
7 6
7 8
7 16
7 464
7 480
8 5
8 7
8 17
8 286
8 465
8 483
9 0
9 10
9 12
9 18
9 280
9 506
10 1
10 9
10 11
10 13
10 19
10 523
11 2
11 10
11 14
11 20
11 287
11 540
12 3
12 9
12 13
12 15
12 21
12 279
13 4
13 10
13 12
13 14
13 16
13 22
14 5
14 11
14 13
14 17
14 23
14 288
15 6
15 12
15 16
15 24
15 278
15 460
16 7
16 13
16 15
16 17
16 25
16 461
17 8
17 14
17 16
17 26
17 289
17 462
18 9
18 19
18 21
18 27
18 277
18 505
19 10
19 18
19 20
19 22
19 28
19 522
20 11
20 19
20 23
20 29
20 290
20 539
21 12
21 18
21 22
21 24
21 30
21 276
22 13
22 19
22 21
22 23
22 25
22 31
23 14
23 20
23 22
23 26
23 32
23 291
24 15
24 21
24 25
24 33
24 275
24 457
25 16
25 22
25 24
25 26
25 34
25 458
26 17
26 23
26 25
26 35
26 292
26 459
27 18
27 28
27 30
27 36
27 274
27 504
28 19
28 27
28 29
28 31
28 37
28 521
29 20
29 28
29 32
29 38
29 293
29 538
30 21
30 27
30 31
30 33
30 39
30 273
31 22
31 28
31 30
31 32
31 34
31 40
32 23
32 29
32 31
32 35
32 41
32 294
33 24
33 30
33 34
33 42
33 272
33 454
34 25
34 31
34 33
34 35
34 43
34 455
35 26
35 32
35 34
35 44
35 295
35 456
36 27
36 37
36 39
36 204
36 271
36 503
37 28
37 36
37 38
37 40
37 205
37 520
38 29
38 37
38 41
38 206
38 296
38 537
39 30
39 36
39 40
39 42
39 207
39 270
40 31
40 37
40 39
40 41
40 43
40 208
41 32
41 38
41 40
41 44
41 209
41 297
42 33
42 39
42 43
42 210
42 269
42 451
43 34
43 40
43 42
43 44
43 211
43 452
44 35
44 41
44 43
44 212
44 298
44 453
45 46
45 48
45 54
45 268
45 563
45 579
46 45
46 47
46 49
46 55
46 566
46 580
47 46
47 50
47 56
47 299
47 569
47 581
48 45
48 49
48 51
48 57
48 267
48 564
49 46
49 48
49 50
49 52
49 58
49 567
50 47
50 49
50 53
50 59
50 300
50 570
51 48
51 52
51 60
51 266
51 491
51 565
52 49
52 51
52 53
52 61
52 508
52 568
53 50
53 52
53 62
53 301
53 525
53 571
54 45
54 55
54 57
54 63
54 265
54 582
55 46
55 54
55 56
55 58
55 64
55 583
56 47
56 55
56 59
56 65
56 302
56 584
57 48
57 54
57 58
57 60
57 66
57 264
58 49
58 55
58 57
58 59
58 61
58 67
59 50
59 56
59 58
59 62
59 68
59 303
60 51
60 57
60 61
60 69
60 263
60 492
61 52
61 58
61 60
61 62
61 70
61 509
62 53
62 59
62 61
62 71
62 304
62 526
63 54
63 64
63 66
63 72
63 262
63 585
64 55
64 63
64 65
64 67
64 73
64 586
65 56
65 64
65 68
65 74
65 305
65 587
66 57
66 63
66 67
66 69
66 75
66 261
67 58
67 64
67 66
67 68
67 70
67 76
68 59
68 65
68 67
68 71
68 77
68 306
69 60
69 66
69 70
69 78
69 260
69 493
70 61
70 67
70 69
70 71
70 79
70 510
71 62
71 68
71 70
71 80
71 307
71 527
72 63
72 73
72 75
72 81
72 259
72 588
73 64
73 72
73 74
73 76
73 82
73 589
74 65
74 73
74 77
74 83
74 308
74 590
75 66
75 72
75 76
75 78
75 84
75 258
76 67
76 73
76 75
76 77
76 79
76 85
77 68
77 74
77 76
77 80
77 86
77 309
78 69
78 75
78 79
78 87
78 257
78 494
79 70
79 76
79 78
79 80
79 88
79 511
80 71
80 77
80 79
80 89
80 310
80 528
81 72
81 82
81 84
81 195
81 256
81 591
82 73
82 81
82 83
82 85
82 196
82 592
83 74
83 82
83 86
83 197
83 311
83 593
84 75
84 81
84 85
84 87
84 198
84 255
85 76
85 82
85 84
85 86
85 88
85 199
86 77
86 83
86 85
86 89
86 200
86 312
87 78
87 84
87 88
87 201
87 254
87 495
88 79
88 85
88 87
88 89
88 202
88 512
89 80
89 86
89 88
89 203
89 313
89 529
90 91
90 93
90 111
90 204
90 253
90 501
91 90
91 92
91 94
91 112
91 205
91 518
92 91
92 95
92 113
92 206
92 314
92 535
93 90
93 94
93 96
93 114
93 207
93 252
94 91
94 93
94 95
94 97
94 115
94 208
95 92
95 94
95 98
95 116
95 209
95 315
96 93
96 97
96 99
96 117
96 210
96 251
97 94
97 96
97 98
97 100
97 118
97 211
98 95
98 97
98 101
98 119
98 212
98 316
99 96
99 100
99 102
99 120
99 250
99 448
100 97
100 99
100 101
100 103
100 121
100 449
101 98
101 100
101 104
101 122
101 317
101 450
102 99
102 103
102 105
102 123
102 249
102 435
103 100
103 102
103 104
103 106
103 124
103 438
104 101
104 103
104 107
104 125
104 318
104 441
105 102
105 106
105 108
105 126
105 248
105 436
106 103
106 105
106 107
106 109
106 127
106 439
107 104
107 106
107 110
107 128
107 319
107 442
108 105
108 109
108 129
108 247
108 409
108 437
109 106
109 108
109 110
109 130
109 408
109 440
110 107
110 109
110 131
110 320
110 407
110 443
111 90
111 112
111 114
111 132
111 246
111 500
112 91
112 111
112 113
112 115
112 133
112 517
113 92
113 112
113 116
113 134
113 321
113 534
114 93
114 111
114 115
114 117
114 135
114 245
115 94
115 112
115 114
115 116
115 118
115 136
116 95
116 113
116 115
116 119
116 137
116 322
117 96
117 114
117 118
117 120
117 138
117 244
118 97
118 115
118 117
118 119
118 121
118 139
119 98
119 116
119 118
119 122
119 140
119 323
120 99
120 117
120 121
120 123
120 141
120 243
121 100
121 118
121 120
121 122
121 124
121 142
122 101
122 119
122 121
122 125
122 143
122 324
123 102
123 120
123 124
123 126
123 144
123 242
124 103
124 121
124 123
124 125
124 127
124 145
125 104
125 122
125 124
125 128
125 146
125 325
126 105
126 123
126 127
126 129
126 147
126 241
127 106
127 124
127 126
127 128
127 130
127 148
128 107
128 125
128 127
128 131
128 149
128 326
129 108
129 126
129 130
129 150
129 240
129 412
130 109
130 127
130 129
130 131
130 151
130 411
131 110
131 128
131 130
131 152
131 327
131 410
132 111
132 133
132 135
132 153
132 239
132 499
133 112
133 132
133 134
133 136
133 154
133 516
134 113
134 133
134 137
134 155
134 328
134 533
135 114
135 132
135 136
135 138
135 156
135 238
136 115
136 133
136 135
136 137
136 139
136 157
137 116
137 134
137 136
137 140
137 158
137 329
138 117
138 135
138 139
138 141
138 159
138 237
139 118
139 136
139 138
139 140
139 142
139 160
140 119
140 137
140 139
140 143
140 161
140 330
141 120
141 138
141 142
141 144
141 162
141 236
142 121
142 139
142 141
142 143
142 145
142 163
143 122
143 140
143 142
143 146
143 164
143 331
144 123
144 141
144 145
144 147
144 165
144 235
145 124
145 142
145 144
145 146
145 148
145 166
146 125
146 143
146 145
146 149
146 167
146 332
147 126
147 144
147 148
147 150
147 168
147 234
148 127
148 145
148 147
148 149
148 151
148 169
149 128
149 146
149 148
149 152
149 170
149 333
150 129
150 147
150 151
150 171
150 233
150 415
151 130
151 148
151 150
151 152
151 172
151 414
152 131
152 149
152 151
152 173
152 334
152 413
153 132
153 154
153 156
153 174
153 232
153 498
154 133
154 153
154 155
154 157
154 175
154 515
155 134
155 154
155 158
155 176
155 335
155 532
156 135
156 153
156 157
156 159
156 177
156 231
157 136
157 154
157 156
157 158
157 160
157 178
158 137
158 155
158 157
158 161
158 179
158 336
159 138
159 156
159 160
159 162
159 180
159 230
160 139
160 157
160 159
160 161
160 163
160 181
161 140
161 158
161 160
161 164
161 182
161 337
162 141
162 159
162 163
162 165
162 183
162 229
163 142
163 160
163 162
163 164
163 166
163 184
164 143
164 161
164 163
164 167
164 185
164 338
165 144
165 162
165 166
165 168
165 186
165 228
166 145
166 163
166 165
166 167
166 169
166 187
167 146
167 164
167 166
167 170
167 188
167 339
168 147
168 165
168 169
168 171
168 189
168 227
169 148
169 166
169 168
169 170
169 172
169 190
170 149
170 167
170 169
170 173
170 191
170 340
171 150
171 168
171 172
171 192
171 226
171 418
172 151
172 169
172 171
172 173
172 193
172 417
173 152
173 170
173 172
173 194
173 341
173 416
174 153
174 175
174 177
174 201
174 225
174 497
175 154
175 174
175 176
175 178
175 202
175 514
176 155
176 175
176 179
176 203
176 342
176 531
177 156
177 174
177 178
177 180
177 198
177 224
178 157
178 175
178 177
178 179
178 181
178 199
179 158
179 176
179 178
179 182
179 200
179 343
180 159
180 177
180 181
180 183
180 195
180 223
181 160
181 178
181 180
181 182
181 184
181 196
182 161
182 179
182 181
182 185
182 197
182 344
183 162
183 180
183 184
183 186
183 222
183 600
184 163
184 181
184 183
184 185
184 187
184 601
185 164
185 182
185 184
185 188
185 345
185 602
186 165
186 183
186 187
186 189
186 221
186 609
187 166
187 184
187 186
187 188
187 190
187 606
188 167
188 185
188 187
188 191
188 346
188 603
189 168
189 186
189 190
189 192
189 220
189 610
190 169
190 187
190 189
190 191
190 193
190 607
191 170
191 188
191 190
191 194
191 347
191 604
192 171
192 189
192 193
192 219
192 421
192 611
193 172
193 190
193 192
193 194
193 420
193 608
194 173
194 191
194 193
194 348
194 419
194 605
195 81
195 180
195 196
195 198
195 218
195 600
196 82
196 181
196 195
196 197
196 199
196 601
197 83
197 182
197 196
197 200
197 349
197 602
198 84
198 177
198 195
198 199
198 201
198 217
199 85
199 178
199 196
199 198
199 200
199 202
200 86
200 179
200 197
200 199
200 203
200 350
201 87
201 174
201 198
201 202
201 216
201 496
202 88
202 175
202 199
202 201
202 203
202 513
203 89
203 176
203 200
203 202
203 351
203 530
204 36
204 90
204 205
204 207
204 215
204 502
205 37
205 91
205 204
205 206
205 208
205 519
206 38
206 92
206 205
206 209
206 352
206 536
207 39
207 93
207 204
207 208
207 210
207 214
208 40
208 94
208 205
208 207
208 209
208 211
209 41
209 95
209 206
209 208
209 212
209 353
210 42
210 96
210 207
210 211
210 213
210 448
211 43
211 97
211 208
211 210
211 212
211 449
212 44
212 98
212 209
212 211
212 354
212 450
213 210
213 214
213 251
213 269
213 447
214 207
214 213
214 215
214 252
214 270
215 204
215 214
215 253
215 271
215 547
216 201
216 217
216 225
216 254
216 553
217 198
217 216
217 218
217 224
217 255
218 195
218 217
218 223
218 256
218 599
219 192
219 220
219 226
219 422
219 614
220 189
220 219
220 221
220 227
220 613
221 186
221 220
221 222
221 228
221 612
222 183
222 221
222 223
222 229
222 599
223 180
223 218
223 222
223 224
223 230
224 177
224 217
224 223
224 225
224 231
225 174
225 216
225 224
225 232
225 552
226 171
226 219
226 227
226 233
226 423
227 168
227 220
227 226
227 228
227 234
228 165
228 221
228 227
228 229
228 235
229 162
229 222
229 228
229 230
229 236
230 159
230 223
230 229
230 231
230 237
231 156
231 224
231 230
231 232
231 238
232 153
232 225
232 231
232 239
232 551
233 150
233 226
233 234
233 240
233 424
234 147
234 227
234 233
234 235
234 241
235 144
235 228
235 234
235 236
235 242
236 141
236 229
236 235
236 237
236 243
237 138
237 230
237 236
237 238
237 244
238 135
238 231
238 237
238 239
238 245
239 132
239 232
239 238
239 246
239 550
240 129
240 233
240 241
240 247
240 425
241 126
241 234
241 240
241 242
241 248
242 123
242 235
242 241
242 243
242 249
243 120
243 236
243 242
243 244
243 250
244 117
244 237
244 243
244 245
244 251
245 114
245 238
245 244
245 246
245 252
246 111
246 239
246 245
246 253
246 549
247 108
247 240
247 248
247 426
247 444
248 105
248 241
248 247
248 249
248 445
249 102
249 242
249 248
249 250
249 446
250 99
250 243
250 249
250 251
250 447
251 96
251 213
251 244
251 250
251 252
252 93
252 214
252 245
252 251
252 253
253 90
253 215
253 246
253 252
253 548
254 87
254 216
254 255
254 257
254 554
255 84
255 217
255 254
255 256
255 258
256 81
256 218
256 255
256 259
256 598
257 78
257 254
257 258
257 260
257 555
258 75
258 255
258 257
258 259
258 261
259 72
259 256
259 258
259 262
259 597
260 69
260 257
260 261
260 263
260 556
261 66
261 258
261 260
261 262
261 264
262 63
262 259
262 261
262 265
262 596
263 60
263 260
263 264
263 266
263 557
264 57
264 261
264 263
264 265
264 267
265 54
265 262
265 264
265 268
265 595
266 51
266 263
266 267
266 558
266 572
267 48
267 264
267 266
267 268
267 573
268 45
268 265
268 267
268 574
268 594
269 42
269 213
269 270
269 272
269 466
270 39
270 214
270 269
270 271
270 273
271 36
271 215
271 270
271 274
271 546
272 33
272 269
272 273
272 275
272 467
273 30
273 270
273 272
273 274
273 276
274 27
274 271
274 273
274 277
274 545
275 24
275 272
275 276
275 278
275 468
276 21
276 273
276 275
276 277
276 279
277 18
277 274
277 276
277 280
277 544
278 15
278 275
278 279
278 281
278 469
279 12
279 276
279 278
279 280
279 282
280 9
280 277
280 279
280 283
280 543
281 6
281 278
281 282
281 470
281 484
282 3
282 279
282 281
282 283
282 485
283 0
283 280
283 282
283 486
283 542
284 2
284 285
284 287
284 385
284 387
285 5
285 284
285 286
285 288
285 388
286 8
286 285
286 289
286 389
286 391
287 11
287 284
287 288
287 290
287 384
288 14
288 285
288 287
288 289
288 291
289 17
289 286
289 288
289 292
289 392
290 20
290 287
290 291
290 293
290 383
291 23
291 288
291 290
291 292
291 294
292 26
292 289
292 291
292 295
292 393
293 29
293 290
293 294
293 296
293 382
294 32
294 291
294 293
294 295
294 297
295 35
295 292
295 294
295 298
295 394
296 38
296 293
296 297
296 352
296 381
297 41
297 294
297 296
297 298
297 353
298 44
298 295
298 297
298 354
298 395
299 47
299 300
299 302
299 363
299 365
300 50
300 299
300 301
300 303
300 366
301 53
301 300
301 304
301 367
301 369
302 56
302 299
302 303
302 305
302 362
303 59
303 300
303 302
303 304
303 306
304 62
304 301
304 303
304 307
304 370
305 65
305 302
305 306
305 308
305 361
306 68
306 303
306 305
306 307
306 309
307 71
307 304
307 306
307 310
307 371
308 74
308 305
308 309
308 311
308 360
309 77
309 306
309 308
309 310
309 312
310 80
310 307
310 309
310 313
310 372
311 83
311 308
311 312
311 349
311 359
312 86
312 309
312 311
312 313
312 350
313 89
313 310
313 312
313 351
313 373
314 92
314 315
314 321
314 352
314 379
315 95
315 314
315 316
315 322
315 353
316 98
316 315
316 317
316 323
316 354
317 101
317 316
317 318
317 324
317 396
318 104
318 317
318 319
318 325
318 397
319 107
319 318
319 320
319 326
319 398
320 110
320 319
320 327
320 399
320 401
321 113
321 314
321 322
321 328
321 378
322 116
322 315
322 321
322 323
322 329
323 119
323 316
323 322
323 324
323 330
324 122
324 317
324 323
324 325
324 331
325 125
325 318
325 324
325 326
325 332
326 128
326 319
326 325
326 327
326 333
327 131
327 320
327 326
327 334
327 402
328 134
328 321
328 329
328 335
328 377
329 137
329 322
329 328
329 330
329 336
330 140
330 323
330 329
330 331
330 337
331 143
331 324
331 330
331 332
331 338
332 146
332 325
332 331
332 333
332 339
333 149
333 326
333 332
333 334
333 340
334 152
334 327
334 333
334 341
334 403
335 155
335 328
335 336
335 342
335 376
336 158
336 329
336 335
336 337
336 343
337 161
337 330
337 336
337 338
337 344
338 164
338 331
338 337
338 339
338 345
339 167
339 332
339 338
339 340
339 346
340 170
340 333
340 339
340 341
340 347
341 173
341 334
341 340
341 348
341 404
342 176
342 335
342 343
342 351
342 375
343 179
343 336
343 342
343 344
343 350
344 182
344 337
344 343
344 345
344 349
345 185
345 338
345 344
345 346
345 358
346 188
346 339
346 345
346 347
346 357
347 191
347 340
347 346
347 348
347 356
348 194
348 341
348 347
348 355
348 405
349 197
349 311
349 344
349 350
349 358
350 200
350 312
350 343
350 349
350 351
351 203
351 313
351 342
351 350
351 374
352 206
352 296
352 314
352 353
352 380
353 209
353 297
353 315
353 352
353 354
354 212
354 298
354 316
354 353
354 396
355 348
355 356
355 406
355 605
356 347
356 355
356 357
356 604
357 346
357 356
357 358
357 603
358 345
358 349
358 357
358 359
358 602
359 311
359 358
359 360
359 593
360 308
360 359
360 361
360 590
361 305
361 360
361 362
361 587
362 302
362 361
362 363
362 584
363 299
363 362
363 364
363 581
364 363
364 365
364 578
365 299
365 364
365 366
365 569
366 300
366 365
366 367
366 570
367 301
367 366
367 368
367 571
368 367
368 369
368 562
369 301
369 368
369 370
369 525
370 304
370 369
370 371
370 526
371 307
371 370
371 372
371 527
372 310
372 371
372 373
372 528
373 313
373 372
373 374
373 529
374 351
374 373
374 375
374 530
375 342
375 374
375 376
375 531
376 335
376 375
376 377
376 532
377 328
377 376
377 378
377 533
378 321
378 377
378 379
378 534
379 314
379 378
379 380
379 535
380 352
380 379
380 381
380 536
381 296
381 380
381 382
381 537
382 293
382 381
382 383
382 538
383 290
383 382
383 384
383 539
384 287
384 383
384 385
384 540
385 284
385 384
385 386
385 541
386 385
386 387
386 490
387 284
387 386
387 388
387 481
388 285
388 387
388 389
388 482
389 286
389 388
389 390
389 483
390 389
390 391
390 474
391 286
391 390
391 392
391 465
392 289
392 391
392 393
392 462
393 292
393 392
393 394
393 459
394 295
394 393
394 395
394 456
395 298
395 394
395 396
395 453
396 317
396 354
396 395
396 397
396 450
397 318
397 396
397 398
397 441
398 319
398 397
398 399
398 442
399 320
399 398
399 400
399 443
400 399
400 401
400 434
401 320
401 400
401 402
401 407
402 327
402 401
402 403
402 410
403 334
403 402
403 404
403 413
404 341
404 403
404 405
404 416
405 348
405 404
405 406
405 419
406 355
406 405
406 430
407 110
407 401
407 408
407 410
407 434
408 109
408 407
408 409
408 411
408 433
409 108
409 408
409 412
409 426
409 432
410 131
410 402
410 407
410 411
410 413
411 130
411 408
411 410
411 412
411 414
412 129
412 409
412 411
412 415
412 425
413 152
413 403
413 410
413 414
413 416
414 151
414 411
414 413
414 415
414 417
415 150
415 412
415 414
415 418
415 424
416 173
416 404
416 413
416 417
416 419
417 172
417 414
417 416
417 418
417 420
418 171
418 415
418 417
418 421
418 423
419 194
419 405
419 416
419 420
419 430
420 193
420 417
420 419
420 421
420 429
421 192
421 418
421 420
421 422
421 428
422 219
422 421
422 423
422 427
423 226
423 418
423 422
423 424
424 233
424 415
424 423
424 425
425 240
425 412
425 424
425 426
426 247
426 409
426 425
426 431
427 422
427 428
427 614
428 421
428 427
428 429
428 611
429 420
429 428
429 430
429 608
430 406
430 419
430 429
430 605
431 426
431 432
431 444
432 409
432 431
432 433
432 437
433 408
433 432
433 434
433 440
434 400
434 407
434 433
434 443
435 102
435 436
435 438
435 446
435 448
436 105
436 435
436 437
436 439
436 445
437 108
437 432
437 436
437 440
437 444
438 103
438 435
438 439
438 441
438 449
439 106
439 436
439 438
439 440
439 442
440 109
440 433
440 437
440 439
440 443
441 104
441 397
441 438
441 442
441 450
442 107
442 398
442 439
442 441
442 443
443 110
443 399
443 434
443 440
443 442
444 247
444 431
444 437
444 445
445 248
445 436
445 444
445 446
446 249
446 435
446 445
446 447
447 213
447 250
447 446
447 448
447 466
448 99
448 210
448 435
448 447
448 449
448 451
449 100
449 211
449 438
449 448
449 450
449 452
450 101
450 212
450 396
450 441
450 449
450 453
451 42
451 448
451 452
451 454
451 466
452 43
452 449
452 451
452 453
452 455
453 44
453 395
453 450
453 452
453 456
454 33
454 451
454 455
454 457
454 467
455 34
455 452
455 454
455 456
455 458
456 35
456 394
456 453
456 455
456 459
457 24
457 454
457 458
457 460
457 468
458 25
458 455
458 457
458 459
458 461
459 26
459 393
459 456
459 458
459 462
460 15
460 457
460 461
460 463
460 469
461 16
461 458
461 460
461 462
461 464
462 17
462 392
462 459
462 461
462 465
463 6
463 460
463 464
463 470
463 472
464 7
464 461
464 463
464 465
464 473
465 8
465 391
465 462
465 464
465 474
466 269
466 447
466 451
466 467
467 272
467 454
467 466
467 468
468 275
468 457
468 467
468 469
469 278
469 460
469 468
469 470
470 281
470 463
470 469
470 471
471 470
471 472
471 484
472 463
472 471
472 473
472 477
473 464
473 472
473 474
473 480
474 390
474 465
474 473
474 483
475 0
475 476
475 478
475 486
475 488
476 3
476 475
476 477
476 479
476 485
477 6
477 472
477 476
477 480
477 484
478 1
478 475
478 479
478 481
478 489
479 4
479 476
479 478
479 480
479 482
480 7
480 473
480 477
480 479
480 483
481 2
481 387
481 478
481 482
481 490
482 5
482 388
482 479
482 481
482 483
483 8
483 389
483 474
483 480
483 482
484 281
484 471
484 477
484 485
485 282
485 476
485 484
485 486
486 283
486 475
486 485
486 487
487 486
487 488
487 542
488 475
488 487
488 489
488 507
489 478
489 488
489 490
489 524
490 386
490 481
490 489
490 541
491 51
491 492
491 508
491 558
491 560
492 60
492 491
492 493
492 509
492 557
493 69
493 492
493 494
493 510
493 556
494 78
494 493
494 495
494 511
494 555
495 87
495 494
495 496
495 512
495 554
496 201
496 495
496 497
496 513
496 553
497 174
497 496
497 498
497 514
497 552
498 153
498 497
498 499
498 515
498 551
499 132
499 498
499 500
499 516
499 550
500 111
500 499
500 501
500 517
500 549
501 90
501 500
501 502
501 518
501 548
502 204
502 501
502 503
502 519
502 547
503 36
503 502
503 504
503 520
503 546
504 27
504 503
504 505
504 521
504 545
505 18
505 504
505 506
505 522
505 544
506 9
506 505
506 507
506 523
506 543
507 0
507 488
507 506
507 524
507 542
508 52
508 491
508 509
508 525
508 561
509 61
509 492
509 508
509 510
509 526
510 70
510 493
510 509
510 511
510 527
511 79
511 494
511 510
511 512
511 528
512 88
512 495
512 511
512 513
512 529
513 202
513 496
513 512
513 514
513 530
514 175
514 497
514 513
514 515
514 531
515 154
515 498
515 514
515 516
515 532
516 133
516 499
516 515
516 517
516 533
517 112
517 500
517 516
517 518
517 534
518 91
518 501
518 517
518 519
518 535
519 205
519 502
519 518
519 520
519 536
520 37
520 503
520 519
520 521
520 537
521 28
521 504
521 520
521 522
521 538
522 19
522 505
522 521
522 523
522 539
523 10
523 506
523 522
523 524
523 540
524 1
524 489
524 507
524 523
524 541
525 53
525 369
525 508
525 526
525 562
526 62
526 370
526 509
526 525
526 527
527 71
527 371
527 510
527 526
527 528
528 80
528 372
528 511
528 527
528 529
529 89
529 373
529 512
529 528
529 530
530 203
530 374
530 513
530 529
530 531
531 176
531 375
531 514
531 530
531 532
532 155
532 376
532 515
532 531
532 533
533 134
533 377
533 516
533 532
533 534
534 113
534 378
534 517
534 533
534 535
535 92
535 379
535 518
535 534
535 536
536 206
536 380
536 519
536 535
536 537
537 38
537 381
537 520
537 536
537 538
538 29
538 382
538 521
538 537
538 539
539 20
539 383
539 522
539 538
539 540
540 11
540 384
540 523
540 539
540 541
541 2
541 385
541 490
541 524
541 540
542 283
542 487
542 507
542 543
543 280
543 506
543 542
543 544
544 277
544 505
544 543
544 545
545 274
545 504
545 544
545 546
546 271
546 503
546 545
546 547
547 215
547 502
547 546
547 548
548 253
548 501
548 547
548 549
549 246
549 500
549 548
549 550
550 239
550 499
550 549
550 551
551 232
551 498
551 550
551 552
552 225
552 497
552 551
552 553
553 216
553 496
553 552
553 554
554 254
554 495
554 553
554 555
555 257
555 494
555 554
555 556
556 260
556 493
556 555
556 557
557 263
557 492
557 556
557 558
558 266
558 491
558 557
558 559
559 558
559 560
559 572
560 491
560 559
560 561
560 565
561 508
561 560
561 562
561 568
562 368
562 525
562 561
562 571
563 45
563 564
563 566
563 574
563 576
564 48
564 563
564 565
564 567
564 573
565 51
565 560
565 564
565 568
565 572
566 46
566 563
566 567
566 569
566 577
567 49
567 564
567 566
567 568
567 570
568 52
568 561
568 565
568 567
568 571
569 47
569 365
569 566
569 570
569 578
570 50
570 366
570 567
570 569
570 571
571 53
571 367
571 562
571 568
571 570
572 266
572 559
572 565
572 573
573 267
573 564
573 572
573 574
574 268
574 563
574 573
574 575
575 574
575 576
575 594
576 563
576 575
576 577
576 579
577 566
577 576
577 578
577 580
578 364
578 569
578 577
578 581
579 45
579 576
579 580
579 582
579 594
580 46
580 577
580 579
580 581
580 583
581 47
581 363
581 578
581 580
581 584
582 54
582 579
582 583
582 585
582 595
583 55
583 580
583 582
583 584
583 586
584 56
584 362
584 581
584 583
584 587
585 63
585 582
585 586
585 588
585 596
586 64
586 583
586 585
586 587
586 589
587 65
587 361
587 584
587 586
587 590
588 72
588 585
588 589
588 591
588 597
589 73
589 586
589 588
589 590
589 592
590 74
590 360
590 587
590 589
590 593
591 81
591 588
591 592
591 598
591 600
592 82
592 589
592 591
592 593
592 601
593 83
593 359
593 590
593 592
593 602
594 268
594 575
594 579
594 595
595 265
595 582
595 594
595 596
596 262
596 585
596 595
596 597
597 259
597 588
597 596
597 598
598 256
598 591
598 597
598 599
599 218
599 222
599 598
599 600
599 612
600 183
600 195
600 591
600 599
600 601
600 609
601 184
601 196
601 592
601 600
601 602
601 606
602 185
602 197
602 358
602 593
602 601
602 603
603 188
603 357
603 602
603 604
603 606
604 191
604 356
604 603
604 605
604 607
605 194
605 355
605 430
605 604
605 608
606 187
606 601
606 603
606 607
606 609
607 190
607 604
607 606
607 608
607 610
608 193
608 429
608 605
608 607
608 611
609 186
609 600
609 606
609 610
609 612
610 189
610 607
610 609
610 611
610 613
611 192
611 428
611 608
611 610
611 614
612 221
612 599
612 609
612 613
613 220
613 610
613 612
613 614
614 219
614 427
614 611
614 613
